1.031834050357700107e+03
-6.921924162248055623e+00
-3.453158634633987189e-04
6.439575529347266565e-07
-1.364437614910492336e+01
-5.506249287803884193e-04
1.148475368625652314e-06
2.803691174808249122e-04
1.204678889698971010e-06
1.042593127322900111e-06
1.030325153235590506e+03
1.333475763104707390e+01
6.706437404065755236e-04
-1.018819711710655902e-06
-6.783054024226265355e+00
-5.187105547597445701e-04
-1.147796735200439987e-08
2.145366690452693884e-04
-8.868514542013198368e-07
3.600870474888720787e-07
