1.031834521493887451e+03
-6.921924105591371834e+00
-3.453158634633987189e-04
6.439575529347266565e-07
-1.364414350103860940e+01
-5.501684256060379022e-04
1.125798327105833222e-06
2.804794114496563916e-04
1.247656255490217099e-06
1.049438931159753953e-06
1.031072551029717260e+03
1.333438357517888662e+01
6.701443195938538901e-04
-1.023436678414615935e-06
-6.782976384207731968e+00
-5.201244535396440556e-04
-2.025263100934476288e-08
2.148453909272684148e-04
-8.532638409001355191e-07
3.615172979451894141e-07
