1.031819635546481777e+03
-6.921766754232391960e+00
-3.447703350382551627e-04
6.906210702180698927e-07
-1.364365108753165323e+01
-5.505985034964601442e-04
1.171074746835057994e-06
2.809428828914546693e-04
1.220282364878982148e-06
1.043002031360779355e-06
1.036519000515714879e+03
1.333264238392552414e+01
6.717852614289204424e-04
-1.087121618525744671e-06
-6.782050774444372543e+00
-5.242581990632507946e-04
-1.434400375222995449e-08
2.153053518740453086e-04
-9.132761969418805744e-07
3.691670890723754099e-07
