1.031826654551964111e+03
-6.921857480607956248e+00
-3.449299286846321290e-04
6.637997642475394421e-07
-1.364397522252773065e+01
-5.499827524608357941e-04
1.157633457771426009e-06
2.807679879485413523e-04
1.204509932812792589e-06
1.036699776117888980e-06
1.033204105323944759e+03
1.333356913457578941e+01
6.689340788058836286e-04
-1.057874126169241439e-06
-6.782572930259815003e+00
-5.210679503376974830e-04
-9.183050981292680088e-09
2.146535326384726950e-04
-8.937670706717195747e-07
3.559526402252772025e-07
