1.031782031444419772e+03
-6.921394103902350103e+00
-3.402847375303022894e-04
7.413795175146275001e-07
-1.364264015044740042e+01
-5.509578089266506298e-04
1.228008893059307874e-06
2.824518319196794359e-04
1.267599972738636711e-06
1.043212834851070534e-06
1.045097497749303102e+03
1.332931297447580299e+01
6.755364928276360323e-04
-1.068623597844879546e-06
-6.780539867066680770e+00
-5.344443405929905728e-04
-8.208860208889698157e-08
2.161738673137218237e-04
-9.873008179596537652e-07
3.570620854148182810e-07
