1.031835520466731396e+03
-6.921947082416976649e+00
-3.449990490704786593e-04
6.391577305959599259e-07
-1.364437629575877153e+01
-5.495645090284589224e-04
1.132563425972048824e-06
2.803530965268485301e-04
1.204678889698971010e-06
1.042593127322900111e-06
1.029214040584967506e+03
1.333519998891130598e+01
6.703009307369189353e-04
-1.019597500857511362e-06
-6.783271723193267100e+00
-5.180408028323897542e-04
-7.792716628658052517e-09
2.142866246126383595e-04
-8.961311476096018794e-07
3.650353328274942258e-07
