1.031834459199796584e+03
-6.921921226528832349e+00
-3.456785132535506420e-04
6.493363441623395709e-07
-1.364414152495534438e+01
-5.506535973637118964e-04
1.146700938250869115e-06
2.803551970252446250e-04
1.247219442475143457e-06
1.051551766557177601e-06
1.031832127304263622e+03
1.333424558642498603e+01
6.711802648303309042e-04
-1.037134040711196405e-06
-6.782834821011800130e+00
-5.208712388136483348e-04
-2.264693700418697717e-08
2.150142566972512628e-04
-8.727009717351394196e-07
3.581934256754054803e-07
