1.031824845320426220e+03
-6.921780135097646003e+00
-3.449793249475226978e-04
6.600180613561055789e-07
-1.364396546922620601e+01
-5.503035421158487730e-04
1.172344797302911011e-06
2.808039567884450640e-04
1.190542841946229983e-06
1.044158871914329379e-06
1.034005167952005877e+03
1.333345448350981144e+01
6.710271637163777326e-04
-1.099925149165820155e-06
-6.782429463796746383e+00
-5.235720413143162607e-04
-2.465406166864878781e-08
2.145740404864748048e-04
-8.914106550017342535e-07
3.592272697172731784e-07
