1.031798915667208576e+03
-6.921750152600045780e+00
-3.405656082747078139e-04
7.657635411479274517e-07
-1.364297186589002919e+01
-5.500706979941349809e-04
1.126209517519989945e-06
2.833381620987435569e-04
1.251696256060007615e-06
1.009633426752481368e-06
1.040358059700825152e+03
1.333116709289065582e+01
6.714851394184381513e-04
-1.095945016235575946e-06
-6.781372728241180425e+00
-5.283452789373884297e-04
-4.534449993565098590e-08
2.142711887177200895e-04
-9.150347772253060781e-07
3.721406546049254000e-07
