1.031822416362445892e+03
-6.921866629669048088e+00
-3.447516156849955737e-04
6.965314388811534784e-07
-1.364377736132687602e+01
-5.501863903615633123e-04
1.165040297555000790e-06
2.806201029111284918e-04
1.211881087119515392e-06
1.042406618107607955e-06
1.035234274532432437e+03
1.333302668191283047e+01
6.714503654470142064e-04
-1.056318852977732821e-06
-6.782221120171900708e+00
-5.227465837711895227e-04
-3.018068062004953935e-08
2.147578281287736623e-04
-9.133884771283964662e-07
3.634684378580059477e-07
