1.031822859899516743e+03
-6.921875720745897631e+00
-3.446266564279487307e-04
6.946837617945666233e-07
-1.364384171274973667e+01
-5.505142361517166658e-04
1.161226484933603242e-06
2.806071794180112558e-04
1.223189723538446441e-06
1.042637129498786031e-06
1.034821361873821843e+03
1.333310281362538241e+01
6.704635568574129857e-04
-1.045911243677729520e-06
-6.782220487912630880e+00
-5.225257783110903026e-04
-3.445894486970064054e-08
2.147024578490995539e-04
-9.163423734920383591e-07
3.625474499388256808e-07
