1.031834521460852784e+03
-6.921924105601388710e+00
-3.453158634633987189e-04
6.439575529347266565e-07
-1.364414350103860940e+01
-5.500931735658919986e-04
1.122574421711117957e-06
2.804790316879688544e-04
1.247656255490217099e-06
1.049438931159753953e-06
1.030696679762906570e+03
1.333459760986726295e+01
6.707053160462895722e-04
-1.019669930879636233e-06
-6.783001419713276192e+00
-5.193270158805215987e-04
-1.940671916154699995e-08
2.146556773716571211e-04
-8.701071298417095192e-07
3.611717328678209692e-07
