1.031785219577065163e+03
-6.921488614274315943e+00
-3.400713558062765356e-04
7.514137595620190200e-07
-1.364275222520026354e+01
-5.506797106826498726e-04
1.213066980110491583e-06
2.825097084921487532e-04
1.244339839674506188e-06
1.035514962208725792e-06
1.043796108169918398e+03
1.332983512044265595e+01
6.738562536756758639e-04
-1.088867029238360370e-06
-6.780741117080214764e+00
-5.315212991522698729e-04
-5.724831839742039401e-08
2.151505161049055014e-04
-8.970597667891735149e-07
3.631088258348955471e-07
