1.031834524643491932e+03
-6.921924104813169443e+00
-3.453503474438631413e-04
6.454308569963734434e-07
-1.364414349611630861e+01
-5.504535958474611164e-04
1.138097724295790638e-06
2.804802245032626037e-04
1.247656255490217099e-06
1.049438931159753953e-06
1.031450604512643395e+03
1.333437647357044220e+01
6.710210698870450966e-04
-1.034317749411618732e-06
-6.782896511818266916e+00
-5.203480708569666827e-04
-2.076132723638510906e-08
2.147932135351233009e-04
-8.845245779290890144e-07
3.572903335843706595e-07
