1.031821098537463058e+03
-6.921822964573944859e+00
-3.446125131101765264e-04
6.930426304127219141e-07
-1.364371366941663055e+01
-5.503742050058342073e-04
1.160737756099964197e-06
2.808048609459523376e-04
1.208353743785636786e-06
1.037552611032016328e-06
1.035656462276430830e+03
1.333290733841323394e+01
6.713568192354125953e-04
-1.070070766770728380e-06
-6.782167006839128653e+00
-5.234176256751320181e-04
-2.263656257858229780e-08
2.149301296835497642e-04
-9.131926172393274689e-07
3.661590959338608030e-07
