1.031794589469276843e+03
-6.921654191468068262e+00
-3.410846429042324710e-04
7.541028297142597929e-07
-1.364287400701181419e+01
-5.505147525369505010e-04
1.149731579502093043e-06
2.835193370240674340e-04
1.229462823757466170e-06
1.004858200673766318e-06
1.041438079215217158e+03
1.333070764750759984e+01
6.718967545759244823e-04
-1.086968743295383409e-06
-6.781135358628540999e+00
-5.294241848281524762e-04
-4.936359331417001640e-08
2.142778602794680458e-04
-9.023873180177550625e-07
3.656756929645776873e-07
