1.031835516233389171e+03
-6.921947019231109444e+00
-3.449486014436100624e-04
6.384099719326633836e-07
-1.364437640636814741e+01
-5.493679944950120983e-04
1.129630780252942469e-06
2.803484554756670907e-04
1.204678889698971010e-06
1.042593127322900111e-06
1.028845985491873535e+03
1.333527802221777492e+01
6.703182160789500224e-04
-1.020487935955325026e-06
-6.783343232299690051e+00
-5.181420944630735128e-04
-2.922409562486054751e-11
2.141645069622399606e-04
-8.653950790749717827e-07
3.685462640706571607e-07
