1.031792981805044747e+03
-6.921603743059153047e+00
-3.409550101868993291e-04
7.513628621096655461e-07
-1.364285494653610087e+01
-5.505672888243783297e-04
1.163359508367005848e-06
2.828621282833514877e-04
1.230006045684340669e-06
1.013109078481216346e-06
1.042000100135579714e+03
1.333051527700073180e+01
6.723360267329485862e-04
-1.096567150347740552e-06
-6.781057728405086138e+00
-5.286789810746548744e-04
1.014180203496911549e-08
2.139108705263908985e-04
-9.045522288392922495e-07
3.660093562705031742e-07
