1.031806932694222724e+03
-6.921762268802421403e+00
-3.417895351962928858e-04
7.340119116167026560e-07
-1.364327378616008346e+01
-5.496425939913326085e-04
1.187694094358118586e-06
2.828079693974135155e-04
1.247915726380304268e-06
1.042101313960604335e-06
1.038836812127196708e+03
1.333185550142826870e+01
6.702292613130222693e-04
-1.137003197371479991e-06
-6.781800036585665659e+00
-5.265239810547439397e-04
2.454389370793180062e-08
2.147603446133962066e-04
-9.399279074066788394e-07
3.894098821039390818e-07
