1.031787956437880666e+03
-6.921538507935263596e+00
-3.401990670671914407e-04
7.534728897790149121e-07
-1.364279462592507208e+01
-5.508252587869756937e-04
1.198367601719941936e-06
2.827368992750805741e-04
1.246740954724769643e-06
1.026855233199469473e-06
1.043178547756759599e+03
1.333004351734234305e+01
6.720403047135848186e-04
-1.100858863792742665e-06
-6.780833729853488201e+00
-5.305877751839217261e-04
-4.933320589852231154e-08
2.148287315514013488e-04
-8.963676775989200195e-07
3.686434581874556916e-07
