1.031790450511901327e+03
-6.921577724011076960e+00
-3.404464106482922798e-04
7.555626709594528753e-07
-1.364282089466368220e+01
-5.506164461396436489e-04
1.180034877343635042e-06
2.828848245405897336e-04
1.237559173839492068e-06
1.017242976494549309e-06
1.042579199249831845e+03
1.333030633247403962e+01
6.731994729442704198e-04
-1.093581422225778696e-06
-6.780985492133692283e+00
-5.305841818538019426e-04
-4.933320589852231154e-08
2.148857691405813572e-04
-8.977116202125563634e-07
3.686434581874556916e-07
