1.031776304120163559e+03
-6.921291613040390978e+00
-3.401361287988354724e-04
7.447080153712474488e-07
-1.364248605358040045e+01
-5.506585345055657697e-04
1.235579530596701617e-06
2.819636175869477115e-04
1.248330113244796170e-06
1.049075128072161731e-06
1.046505747722985461e+03
1.332882224028522344e+01
6.758697340690170011e-04
-1.087502700249608768e-06
-6.780243041315896058e+00
-5.336922988243451502e-04
-6.392759044465923334e-08
2.159059848936229701e-04
-9.056554985148337182e-07
3.530400522777457763e-07
