1.031834002132597107e+03
-6.921924169038982555e+00
-3.451164187847088091e-04
6.409427473663143596e-07
-1.364437619690981585e+01
-5.501766343763658763e-04
1.141764000274155639e-06
2.803607636803606543e-04
1.204678889698971010e-06
1.042593127322900111e-06
1.029952713575143889e+03
1.333490848732570022e+01
6.705787977119682204e-04
-1.019493131678251793e-06
-6.783136461247967652e+00
-5.188513570790314602e-04
-1.602648333786834589e-08
2.146030391253531361e-04
-8.821879037954797198e-07
3.633629857717834083e-07
