1.031814570896891610e+03
-6.921777004180703408e+00
-3.433684502002625773e-04
7.078694235379422304e-07
-1.364343338741666400e+01
-5.495351016869013880e-04
1.189453281366584892e-06
2.827387366041565655e-04
1.261607150596865595e-06
1.055809517051646376e-06
1.037407993430342003e+03
1.333225119426403715e+01
6.737407463490774134e-04
-1.141949560561134575e-06
-6.781899805380449564e+00
-5.270425732388688347e-04
4.199047881540265347e-08
2.176838217826606203e-04
-8.985317031524382662e-07
3.809124676303318396e-07
