1.031821824929968898e+03
-6.921800713250144454e+00
-3.450595253520413741e-04
6.916287106106771241e-07
-1.364365108811218619e+01
-5.506185774522723113e-04
1.162880262988894547e-06
2.806274926352937053e-04
1.209971987269793741e-06
1.033489208361126949e-06
1.036084016608148204e+03
1.333276924528839302e+01
6.716431570997640583e-04
-1.076464646110415044e-06
-6.782109038001297385e+00
-5.239537099453217854e-04
-2.286521828537571316e-08
2.150775596523333069e-04
-9.132420491493686074e-07
3.669697613175785821e-07
