1.031834460783398072e+03
-6.921921225672562628e+00
-3.461348900562503852e-04
6.507823072172724864e-07
-1.364413804678611619e+01
-5.517565526359984127e-04
1.157358821395168339e-06
2.804980519510083385e-04
1.254337501176440121e-06
1.051573628966788865e-06
1.032604413619965499e+03
1.333396035534503454e+01
6.717172900292402681e-04
-1.039744235504086487e-06
-6.782696529524639750e+00
-5.214550012274531306e-04
-1.660026251732821528e-08
2.152381363734277972e-04
-8.739308721816649341e-07
3.578102105247559359e-07
