1.031825511103490271e+03
-6.921811450487691530e+00
-3.449967684435772996e-04
6.597887397847867582e-07
-1.364397258739207430e+01
-5.499842616481150645e-04
1.160814051118142680e-06
2.807706717703502947e-04
1.192607876037488839e-06
1.040504428663820570e-06
1.033600696176380325e+03
1.333373183636789960e+01
6.707608665244789697e-04
-1.074328431847171581e-06
-6.782495035701409769e+00
-5.213954401377961278e-04
-1.365658397861740850e-08
2.148676000966554065e-04
-9.316767566641363790e-07
3.555188466404110579e-07
