1.031810747172824222e+03
-6.921797442179550508e+00
-3.422531105646045547e-04
7.281499490530841825e-07
-1.364336714151437668e+01
-5.495456684038235251e-04
1.189500364275300373e-06
2.827387812207693245e-04
1.254999474242814964e-06
1.050443736325424739e-06
1.037867939014883859e+03
1.333219483002504369e+01
6.741392546918657195e-04
-1.141972131386479801e-06
-6.781899387853835393e+00
-5.270425851515847656e-04
3.912217512813434402e-08
2.176543234571572583e-04
-8.941181274077377822e-07
3.823453794417696616e-07
