1.031802605582116257e+03
-6.921748629246615714e+00
-3.414569109618512187e-04
7.463566988527059576e-07
-1.364315666939319627e+01
-5.501881600585800626e-04
1.128408028417080688e-06
2.829398478858241692e-04
1.255829426263509540e-06
1.034704331305917551e-06
1.039334858932563748e+03
1.333167091019595318e+01
6.685593160190175886e-04
-1.145338368593357082e-06
-6.781669158227202843e+00
-5.275601110727930502e-04
-9.163164043904583070e-09
2.138777326300885526e-04
-9.372741683792452442e-07
3.915181907429003578e-07
