1.031777672055587118e+03
-6.921360512865715187e+00
-3.396393005593120631e-04
7.503238278636733036e-07
-1.364256907163807853e+01
-5.509534926807036024e-04
1.230619018457966656e-06
2.827641581166159021e-04
1.263681716355861863e-06
1.043820293097854001e-06
1.045789185435097124e+03
1.332908457346040443e+01
6.754327143044340769e-04
-1.085872982607701762e-06
-6.780397743798107335e+00
-5.336031169937881452e-04
-6.340975208114105503e-08
2.160566511130661391e-04
-8.871800736595729961e-07
3.590658729308938209e-07
