1.031796258803570936e+03
-6.921708607392412560e+00
-3.404502083906278957e-04
7.650568136422891255e-07
-1.364288608494853783e+01
-5.502612879386395341e-04
1.123515900172033445e-06
2.834139164089464406e-04
1.240832004079995159e-06
1.000369599790258584e-06
1.040889951893261014e+03
1.333094168665211576e+01
6.718886853557465896e-04
-1.099026100844333244e-06
-6.781246228446502933e+00
-5.291114356015282332e-04
-4.322500897532308259e-08
2.142804555593907630e-04
-9.023873180177550625e-07
3.656756929645776873e-07
