1.031801340252133741e+03
-6.921760757012263454e+00
-3.410199766950000187e-04
7.583673507781016736e-07
-1.364307002697197646e+01
-5.498140530577851938e-04
1.130236144144491992e-06
2.832578190494194621e-04
1.256123536975854975e-06
1.021475522287076215e-06
1.039839078422715602e+03
1.333142260650226696e+01
6.710474709006304748e-04
-1.108275601324909715e-06
-6.781500245916419978e+00
-5.279442124316010903e-04
-2.949700540776682999e-08
2.142838388747962956e-04
-9.210753305449412275e-07
3.795321359173288204e-07
