1.031784244677247671e+03
-6.921423958616518490e+00
-3.405655311614628252e-04
7.426947243834776751e-07
-1.364271137973185866e+01
-5.506211757285525308e-04
1.214420920503775009e-06
2.820979435294060605e-04
1.245478333648999656e-06
1.045346955321565833e-06
1.044435949005287512e+03
1.332959448342029773e+01
6.744837394131015205e-04
-1.088011475309227605e-06
-6.780603132301284752e+00
-5.316432185423179690e-04
-6.109698492029387502e-08
2.154793064271818073e-04
-9.067189254160781218e-07
3.555120041130168553e-07
