1.031808396628201763e+03
-6.921820998894586907e+00
-3.417199496494888059e-04
7.420016137204473425e-07
-1.364331489651966400e+01
-5.494408154728318370e-04
1.195525708893317058e-06
2.828712743539690908e-04
1.253874711149115525e-06
1.044394061373841655e-06
1.038348365365421841e+03
1.333204027390372559e+01
6.720920355984572351e-04
-1.137062849219781654e-06
-6.781800426323027153e+00
-5.257422292854010450e-04
2.043491436122185546e-08
2.159146533140532127e-04
-9.242648822472435906e-07
3.804463498680181219e-07
