1.031834459191505857e+03
-6.921921226130989702e+00
-3.458472275355159659e-04
6.536091642163150350e-07
-1.364414094014834156e+01
-5.506537041930148957e-04
1.146700938250869115e-06
2.803162665844387324e-04
1.248896524399171169e-06
1.051551766557177601e-06
1.032217003924198252e+03
1.333409058991759721e+01
6.715518377213442738e-04
-1.035602021689359148e-06
-6.782758167889500811e+00
-5.207830490429947402e-04
-1.895103952848600565e-08
2.151032849214898205e-04
-8.839005919701840669e-07
3.577035551887268404e-07
