1.031817098940737651e+03
-6.921762229367008246e+00
-3.442699871105396494e-04
6.939799528939414820e-07
-1.364364857117762675e+01
-5.500202556612495720e-04
1.183702303461524729e-06
2.813685783594823157e-04
1.231958529928541696e-06
1.057186916052926631e-06
1.036960311839025962e+03
1.333257694648138347e+01
6.724188329947360532e-04
-1.112143992124468772e-06
-6.782018012877147228e+00
-5.239587072687786323e-04
1.236500875566085736e-08
2.161874440597936380e-04
-9.342930555327375619e-07
3.736299188087193292e-07
