1.031824172169164967e+03
-6.921735781497620366e+00
-3.451946481709480688e-04
6.536260818963638634e-07
-1.364391567863650145e+01
-5.505872175438212331e-04
1.172310648530192506e-06
2.807886368303407626e-04
1.187274838514564088e-06
1.043256366623671139e-06
1.034410118390084563e+03
1.333328372822041885e+01
6.712762708076352699e-04
-1.044333429400071164e-06
-6.782370399215248646e+00
-5.227369425119357841e-04
-2.549033943606312681e-08
2.147516355099073711e-04
-8.893131692679577296e-07
3.634154309909824381e-07
