1.031835036462590779e+03
-6.921939752078348995e+00
-3.450080102029111622e-04
6.392888096233098638e-07
-1.364437625858670167e+01
-5.497989553281671564e-04
1.136063201744338290e-06
2.803585300614804682e-04
1.204678889698971010e-06
1.042593127322900111e-06
1.029580505228265338e+03
1.333505110120733761e+01
6.704621363172731489e-04
-1.021062661516525380e-06
-6.783202886185922154e+00
-5.182400249124206491e-04
-1.382409837233943618e-08
2.143398491889061193e-04
-8.913124932858464576e-07
3.647755790282403613e-07
