1.031771822446314673e+03
-6.921266192606497114e+00
-3.394941130775941895e-04
7.547799517219969815e-07
-1.364241328501916151e+01
-5.507711318515814405e-04
1.239000234263047053e-06
2.825892800668437137e-04
1.263617267355345695e-06
1.048958548335055547e-06
1.047252924408815716e+03
1.332855435663008592e+01
6.758831926392795892e-04
-1.092743103353887940e-06
-6.780121196981917286e+00
-5.348640252825889773e-04
-7.615513486546751328e-08
2.161735586300689662e-04
-8.923703087657927418e-07
3.519870729405262043e-07
